0.338 3409 1 17.8
3.345 8776 35 13.8
0.670 22148 39 11.9
1.471 7190 11 4.8
5.399 6584 16 3.1
1.135 18438 56 5.3
1.916 8509 19 4.2
3.657 5664 13 3.0
0.674 6115 1 5.9
1.538 10956 25 3.9
0.260 3072 7 7.7
4.282 14976 40 5.1
1.456 8681 72 13.7
0.810 12242 5 1.2
4.308 10134 24 5.3
0.399 6535 3 2.5
1.183 7875 10 2.5
0.964 4350 1 2.1
1.320 3947 3 12.9
3.116 4538 8 2.2
3.583 3810 16 2.0
3.982 5180 32 2.8
0.822 5663 1 2.4
0.590 1612 0 8.5
4.093 19291 91 5.1
1.323 2221 6 4.5
3.992 13001 73 7.3
0.022 7690 0 45.5
2.082 3556 8 8.2
3.095 11835 39 4.2
0.675 5304 19 7.4
0.634 10885 55 14.2
0.664 3074 14 15.1
2.236 6438 27 6.3
1.477 6063 15 2.7
0.295 6695 8 10.2
2.012 6540 50 12.4
1.048 3712 20 11.5
0.966 3610 7 4.1
0.963 5877 9 13.5
0.842 7718 42 9.5
0.159 2619 0 12.6
0.827 2619 2 7.3